3411
30170
-145
-2208
-18040
-15974
11436
20709
22703
-965
-22751
26932
24665
7278
-9652
-19836
-788
27987
23126
1314
-15802
-15338
18737
28878
3102
-11971
-9575
5752
21927
2683
-8550
-25813
-6781
13400
-4493
1448
-17999
-12467
22880
7677
-649
-20067
-12161
9663
14575
7487
-15232
-14553
6936
25573
8707
-7187
-27765
-14742
14143
28259
-4883
-16179
-15618
14767
13153
7884
-10681
-11553
9797
19081
4723
-12387
-26798
7234
10281
23281
-1221
-12898
-19039
-1219
11039
10775
-15312
-19779
9005
20385
15441
2395
-25166
-3258
19484
16989
1368
-25932
-21469
8343
24645
24081
-18417
-17347
-523
6272
11401
-19064
-14731
-13312
14821
15081
1926
-22344
-11078
12368
30923
6446
-27753
-23862
8594
11733
20283
-6891
-10948
-20118
12932
10872
18449
-13300
-5438
 964
17090
5949
-7218
-20298
4451
5518
11941
-12903
-30068
-4455
15975
18748
-8461
-11382
-11965
5780
20208
6015
-25290
-20348
-5274
12323
6850
-11063
-32768
-1560
17486
18408
-221
-23599
-7723
6832
15529
16251
-15612
-22272
-1864
13156
7080
8348
-9560
-5727
6211
13045
-1120
-13514
-22637
-7104
10869
9794
-11704
-15670
-827
19701
11166
-2209
-28702
-4791
8802
16411
3507
-11943
-21277
15676
24251
7247
-15425
-19916
-1923
18682
14512
-2437
-10375
-4715
12856
22502
1162
-25069
-8164
9626
20920
10947
-12528
-24509
-1030
17609
10811
2994
-25619
-10747
9669
11086
-1220
-20274
-4479
6098
13311
17851
-6353
-19992
-9556
15715
13197
-5926
-21719
-4864
16673
10601
-6014
-23237
-17408
5644
20142
-11541
-17086
-10653
-6768
24459
16409
-7862
-18905
-17607
13650
28711
 624
-18273
-18844
7482
21537
10383
-16552
-20036
